[array([0.569204, 0.684621]), array([0.303376, 0.567476]), array([0.492608, 0.773648, 0.730181]), array([0.680498, 0.106787, 0.602436, 0.743589]), array([0.218387, 0.607732, 0.803052, 0.446929]), array([0.414773, 0.705321, 0.053178, 0.288371, 0.952082]), array([0.189522, 0.895001, 0.579086, 0.121731, 0.809023, 0.781074]), array([0.183342, 0.365166, 0.090236, 0.022046, 0.735969, 0.260639,
       0.08347 , 0.43216 ])]
[array([0.595021, 0.20726 ]), array([7.21502e-01, 5.68000e-04]), array([0.125085, 0.282991, 0.147474]), array([0.414071, 0.436731, 0.362059, 0.423623]), array([0.195766, 0.218512, 0.999869, 0.999467]), array([0.343294, 0.018809, 0.804967, 0.978809, 0.041026]), array([0.076488, 0.223936, 0.717149, 0.143277, 0.332122, 0.684182]), array([0.003526, 0.053472, 0.106554, 0.017926, 0.925273, 0.397495,
       0.271431, 0.692537])]
[array([0.595021, 0.20726 ]), array([7.21502e-01, 5.68000e-04]), array([0.125085, 0.282991, 0.147474]), array([0.414071, 0.436731, 0.362059, 0.423623]), array([0.195766, 0.218512, 0.999869, 0.999467]), array([0.343294, 0.018809, 0.804967, 0.978809, 0.041026]), array([0.076488, 0.223936, 0.717149, 0.143277, 0.332122, 0.684182]), array([0.003526, 0.053472, 0.106554, 0.017926, 0.925273, 0.397495,
       0.271431, 0.692537])]
[array([0.559313, 0.707265]), array([1., 0.]), array([0.477851, 0.068286, 0.      ]), array([0.419039, 0.407917, 0.317792, 0.442492]), array([0.016644, 0.728173, 0.987542, 0.988113]), array([0.94644 , 0.527558, 0.298864, 0.937165, 0.32151 ]), array([0.016762, 0.204427, 0.296518, 0.188982, 0.280095, 0.82137 ]), array([0.11963 , 0.128929, 0.106357, 0.202737, 0.97222 , 0.427171,
       0.312851, 0.281079])]
[array([0.559863, 0.707565]), array([1., 0.]), array([0.477912, 0.071242, 0.      ]), array([0.411439, 0.411617, 0.318692, 0.354492]), array([0.016644, 0.728173, 0.987542, 0.988113]), array([0.94704 , 0.530058, 0.299064, 0.981165, 0.31951 ]), array([0.017702, 0.207427, 0.231518, 0.190982, 0.300095, 0.80137 ]), array([0.10963 , 0.120929, 0.102357, 0.221737, 0.94222 , 0.424171,
       0.352851, 0.221079])]
[array([0.463165, 0.663448]), array([0.574276, 0.767714]), array([0.372765, 0.229976, 0.289296]), array([0.40883 , 0.457954, 0.489289, 0.38025 ]), array([0.008747, 0.630677, 0.966591, 0.978815]), array([0.242989, 0.272913, 0.298699, 0.687744, 0.0524  ]), array([0.090167, 0.185782, 0.58868 , 0.054596, 0.516962, 0.769571]), array([0.030571, 0.015865, 0.044042, 0.588888, 0.946732, 0.68028 ,
       0.084623, 0.850092])]
[array([0.932339, 0.457572]), array([0.380092, 0.038487]), array([0.39401 , 0.443374, 0.505437]), array([0.451141, 0.478144, 0.259245, 0.393679]), array([0.056188, 0.965   , 0.97709 , 0.948245]), array([0.351611, 0.632959, 0.240019, 0.943677, 0.0326  ]), array([0.052865, 0.329488, 0.774955, 0.04739 , 0.34195 , 0.722915]), array([0.048423, 0.039689, 0.05262 , 0.055156, 0.87129 , 0.496625,
       0.030214, 0.013062])]