[array([0.569204, 0.684621]), array([0.303376, 0.567476]), array([0.492608, 0.773648, 0.730181]), array([0.680498, 0.106787, 0.602436, 0.743589]), array([0.218387, 0.607732, 0.803052, 0.446929]), array([0.414773, 0.705321, 0.053178, 0.288371, 0.952082]), array([0.189522, 0.895001, 0.579086, 0.121731, 0.809023, 0.781074]), array([0.183342, 0.365166, 0.090236, 0.022046, 0.735969, 0.260639,
       0.08347 , 0.43216 ])]
[array([0.595021, 0.20726 ]), array([7.21502e-01, 5.68000e-04]), array([0.125085, 0.282991, 0.147474]), array([0.414071, 0.436731, 0.362059, 0.423623]), array([0.195766, 0.218512, 0.999869, 0.999467]), array([0.343294, 0.018809, 0.804967, 0.978809, 0.041026]), array([0.076488, 0.223936, 0.717149, 0.143277, 0.332122, 0.684182]), array([0.003526, 0.053472, 0.106554, 0.017926, 0.925273, 0.397495,
       0.271431, 0.692537])]
[array([0.595021, 0.20726 ]), array([7.21502e-01, 5.68000e-04]), array([0.125085, 0.282991, 0.147474]), array([0.414071, 0.436731, 0.362059, 0.423623]), array([0.195766, 0.218512, 0.999869, 0.999467]), array([0.343294, 0.018809, 0.804967, 0.978809, 0.041026]), array([0.076488, 0.223936, 0.717149, 0.143277, 0.332122, 0.684182]), array([0.003526, 0.053472, 0.106554, 0.017926, 0.925273, 0.397495,
       0.271431, 0.692537])]
[array([0.559313, 0.707265]), array([1., 0.]), array([0.477851, 0.068286, 0.      ]), array([0.419039, 0.407917, 0.317792, 0.442492]), array([0.016644, 0.728173, 0.987542, 0.988113]), array([0.94644 , 0.527558, 0.298864, 0.937165, 0.32151 ]), array([0.016762, 0.204427, 0.296518, 0.188982, 0.280095, 0.82137 ]), array([0.11963 , 0.128929, 0.106357, 0.202737, 0.97222 , 0.427171,
       0.312851, 0.281079])]
[array([0.559863, 0.707565]), array([1., 0.]), array([0.477912, 0.071242, 0.      ]), array([0.411439, 0.411617, 0.318692, 0.354492]), array([0.016644, 0.728173, 0.987542, 0.988113]), array([0.94704 , 0.530058, 0.299064, 0.981165, 0.31951 ]), array([0.017702, 0.207427, 0.231518, 0.190982, 0.300095, 0.80137 ]), array([0.10963 , 0.120929, 0.102357, 0.221737, 0.94222 , 0.424171,
       0.352851, 0.221079])]
[array([0.463165, 0.663448]), array([0.574276, 0.767714]), array([0.372765, 0.229976, 0.289296]), array([0.40883 , 0.457954, 0.489289, 0.38025 ]), array([0.008747, 0.630677, 0.966591, 0.978815]), array([0.242989, 0.272913, 0.298699, 0.687744, 0.0524  ]), array([0.090167, 0.185782, 0.58868 , 0.054596, 0.516962, 0.769571]), array([0.030571, 0.015865, 0.044042, 0.588888, 0.946732, 0.68028 ,
       0.084623, 0.850092])]
[array([0.932339, 0.457572]), array([0.380092, 0.038487]), array([0.39401 , 0.443374, 0.505437]), array([0.451141, 0.478144, 0.259245, 0.393679]), array([0.056188, 0.965   , 0.97709 , 0.948245]), array([0.351611, 0.632959, 0.240019, 0.943677, 0.0326  ]), array([0.052865, 0.329488, 0.774955, 0.04739 , 0.34195 , 0.722915]), array([0.048423, 0.039689, 0.05262 , 0.055156, 0.87129 , 0.496625,
       0.030214, 0.013062])]
[array([0.571953, 0.138637]), array([0.871228, 0.874487]), array([0.810445, 0.010809, 0.733483]), array([0.233785, 0.468956, 0.352798, 0.44074 ]), array([0.113026, 0.931372, 0.973577, 0.973248]), array([0.487736, 0.265016, 0.609763, 0.63902 , 0.185632]), array([0.138819, 0.189374, 0.509375, 0.232288, 0.377476, 0.577677]), array([0.096469, 0.116128, 0.064321, 0.467529, 0.856554, 0.939299,
       0.067192, 0.196058])]
[array([0.868136, 0.912719]), array([0.369784, 0.647745]), array([0.94775 , 0.429987, 0.310452]), array([0.448288, 0.300753, 0.376548, 0.375718]), array([0.357306, 0.967521, 0.993097, 0.997959]), array([0.362578, 0.462018, 0.669058, 0.677549, 0.01531 ]), array([0.179778, 0.294774, 0.614961, 0.315255, 0.402803, 0.539131]), array([0.064346, 0.192913, 0.101996, 0.198171, 0.388365, 0.55782 ,
       0.167676, 0.24913 ])]
[array([0.05353 , 0.207413]), array([0.555257, 0.399459]), array([0.708193, 0.858772, 0.058674]), array([0.506802, 0.436712, 0.432412, 0.432936]), array([0.925011, 0.970821, 0.965367, 0.897797]), array([0.366848, 0.155165, 0.939165, 0.43667 , 0.032427]), array([0.052116, 0.252795, 0.644578, 0.145063, 0.422712, 0.532897]), array([0.145308, 0.330712, 0.016727, 0.427449, 0.830121, 0.3885  ,
       0.31295 , 0.522687])]
[array([0.915602, 0.14935 ]), array([0.455221, 0.153277]), array([0.600721, 0.978625, 0.810242]), array([0.397887, 0.450882, 0.383693, 0.413811]), array([0.968901, 0.797949, 0.929774, 0.996142]), array([0.410048, 0.441613, 0.835606, 0.85935 , 0.003646]), array([0.017394, 0.234162, 0.353566, 0.265762, 0.475614, 0.60447 ]), array([0.057036, 0.191383, 0.152787, 0.011185, 0.689367, 0.771824,
       0.077298, 0.99582 ])]
[array([0.599669, 0.094042]), array([0.235415, 0.446362]), array([0.831855, 0.282607, 0.647012]), array([0.451571, 0.397711, 0.445646, 0.442049]), array([0.972801, 0.876943, 0.890722, 0.995185]), array([0.587966, 0.468528, 0.694358, 0.695703, 0.015272]), array([0.17508 , 0.224193, 0.431011, 0.134823, 0.283579, 0.565213]), array([0.013586, 0.304851, 0.163554, 0.340079, 0.738563, 0.576619,
       0.201751, 0.18874 ])]